To scroll a line of 16 pixels at 4bpp to the left:

                  1  2  3  4  5  6  7  8
  line starts as: 01 23 45 67 89 AB CD EF
  line ends as:   12 34 56 78 9A BC DE F0

  loop 4 times:
    rol 8, 7, 6, 5, 4, 3, 2, 1

      0 1100,0000 0000,0000 0000,0000 0000,0000 start

      1 1000,0000 0000,0000 0000,0000 0000,0000 rol 1

      1 0000,0000 0000,0000 0000,0000 0000,0001 rol 2

      0 0000,0000 0000,0000 0000,0000 0000,0011 rol 3

      0 0000,0000 0000,0000 0000,0000 0000,0110 rol 4

      0 0000,0000 0000,0000 0000,0000 0000,1100 rol 5
